9 4 (
8 8 (
5 9 (
5 11 )
8 12 )
9 16 )
8 1 /
2 2 /
1 3 /
0 4 /
8 5 /
1 14 /
0 15 /
1 16 /
8 16 /
7 17 /
2 18 /
3 18 /
6 18 /
9 19 /
2 20 /
9 1 \
6 2 \
7 3 \
8 4 \
0 6 \
8 15 \
2 16 \
0 18 \
1 18 \
8 19 \
3 0 _
4 0 _
5 0 _
3 2 _
4 2 _
5 2 _
7 2 _
9 2 _
9 3 _
7 4 _
7 5 _
7 6 _
0 7 _
7 7 _
0 8 _
7 8 _
0 9 _
7 9 _
8 9 _
0 10 _
4 10 _
5 10 _
7 10 _
8 10 _
0 11 _
7 11 _
8 11 _
0 12 _
7 12 _
0 13 _
7 13 _
7 14 _
1 15 _
7 15 _
7 16 _
0 17 _
2 17 _
9 17 _
4 18 _
5 18 _
7 18 _
9 18 _
1 19 _
1 20 _
3 20 _
4 20 _
5 20 _
3 1 |
4 1 |
5 1 |
0 16 |
3 17 |
3 19 |
4 19 |
5 19 |
4 5 O
9 7 o
9 13 o
4 15 O
